,loss,accuracy,val_loss,val_accuracy
0,1.989139437675476,0.17770597338676453,1.8760981559753418,0.2879581153392792
1,1.790687918663025,0.27948305010795593,1.6451687812805176,0.3926701545715332
2,1.6273325681686401,0.35379645228385925,1.550011396408081,0.4397905766963959
3,1.5256013870239258,0.4168013036251068,1.3611990213394165,0.518324613571167
4,1.3491549491882324,0.48626816272735596,1.2436134815216064,0.5654450058937073
5,1.21787691116333,0.5525040626525879,1.0648049116134644,0.6125654578208923
6,1.1841638088226318,0.5428109765052795,1.1773123741149902,0.5759162306785583
7,1.0937918424606323,0.5945072770118713,0.9745162129402161,0.6701570749282837
8,1.048140287399292,0.6025848388671875,1.1548326015472412,0.6282722353935242
9,1.002434253692627,0.638126015663147,1.0206704139709473,0.6544502377510071
10,0.9655101299285889,0.6478190422058105,1.0164849758148193,0.6806282997131348
11,1.0302362442016602,0.6074313521385193,1.0040918588638306,0.6806282997131348
12,0.9333464503288269,0.6510500907897949,0.8860679864883423,0.6858638525009155
13,0.9494825005531311,0.6672051548957825,0.8577572703361511,0.7068063020706177
14,0.8692266941070557,0.6768982410430908,0.7947619557380676,0.7225130796432495
15,0.8278034329414368,0.6801292300224304,0.780629575252533,0.7591623067855835
16,0.832258403301239,0.6978998184204102,0.7746596932411194,0.7434554696083069
17,0.776563286781311,0.7205169796943665,0.933844268321991,0.7015706896781921
18,0.8396995663642883,0.7011308670043945,0.7280756235122681,0.7486910820007324
19,0.7649161219596863,0.7285944819450378,0.7909806966781616,0.7591623067855835
20,0.8080623745918274,0.6882067918777466,0.9354711174964905,0.6910994648933411
21,0.7679330706596375,0.7011308670043945,0.8374667167663574,0.727748692035675
22,0.770849347114563,0.7221324443817139,0.9661142826080322,0.6753926873207092
23,0.6995472311973572,0.743134081363678,0.8556867837905884,0.7225130796432495
24,0.70402991771698,0.7447496056556702,0.9375154972076416,0.7434554696083069
25,0.6413279175758362,0.7625201940536499,0.6949183344841003,0.7434554696083069
26,0.7347484827041626,0.7189014554023743,0.6459540128707886,0.7853403091430664
27,0.6654735803604126,0.7544426321983337,0.6705710291862488,0.7801046967506409
28,0.6555247902870178,0.7528271675109863,0.6933239102363586,0.7591623067855835
29,0.6017484068870544,0.7786752581596375,0.6802224516868591,0.7696335315704346
30,0.5734825134277344,0.7948303818702698,0.7382817268371582,0.7748690843582153
31,0.5460166335105896,0.8029079437255859,0.8397766351699829,0.764397919178009
32,0.5229098200798035,0.8158319592475891,0.7712723612785339,0.764397919178009
33,0.502260684967041,0.8222939968109131,0.7677339911460876,0.7382199168205261
34,0.5063084959983826,0.8109854459762573,0.7950494289398193,0.727748692035675
35,0.41056686639785767,0.8513731956481934,0.7230074405670166,0.801047146320343
36,0.54561448097229,0.8012924194335938,0.6865755915641785,0.7853403091430664
37,0.46543121337890625,0.8190630078315735,0.8944898843765259,0.7382199168205261
38,0.46646833419799805,0.848142147064209,0.8239671587944031,0.7329843044281006
39,0.5303816795349121,0.8093699812889099,0.9402390122413635,0.6753926873207092
40,0.48828908801078796,0.8158319592475891,0.680869996547699,0.7696335315704346
41,0.44045472145080566,0.8513731956481934,1.0150818824768066,0.6858638525009155
42,0.46093523502349854,0.8384491205215454,1.0583347082138062,0.6806282997131348
43,0.505558967590332,0.8174474835395813,0.7436344623565674,0.753926694393158
44,0.4484015703201294,0.8513731956481934,0.8733335733413696,0.753926694393158
45,0.3721373975276947,0.8739902973175049,0.6845282912254333,0.7905759215354919
46,0.3912617862224579,0.8529887199401855,0.7754227519035339,0.7905759215354919
47,0.40322867035865784,0.8513731956481934,0.8350900411605835,0.7591623067855835
48,0.3633542060852051,0.8626817464828491,0.86259526014328,0.7486910820007324
49,0.33332809805870056,0.8723747730255127,0.695218563079834,0.7748690843582153
50,0.29853445291519165,0.8901454210281372,0.7183597683906555,0.8062826991081238
51,0.3289538025856018,0.8917608857154846,0.8598611354827881,0.764397919178009
52,0.3282601237297058,0.8723747730255127,0.6848617196083069,0.8219895362854004
53,0.2972506880760193,0.8933764100074768,0.7869905233383179,0.7801046967506409
54,0.2468881458044052,0.9143780469894409,0.7332455515861511,0.7958115339279175
55,0.28243982791900635,0.8966074585914612,0.7727698087692261,0.7591623067855835
56,0.36662328243255615,0.8739902973175049,0.6585466265678406,0.7801046967506409
57,0.3894236981868744,0.8626817464828491,0.7480952739715576,0.8115183115005493
58,0.42477935552597046,0.8336026072502136,0.5754286646842957,0.8115183115005493
59,0.3581187427043915,0.8659127354621887,0.581485390663147,0.8062826991081238
60,0.2822655737400055,0.888529896736145,0.5740039944648743,0.8167539238929749
61,0.2404448390007019,0.9111469984054565,0.6691344380378723,0.8272251486778259
62,0.28560733795166016,0.8933764100074768,0.7483683228492737,0.8062826991081238
63,0.310578316450119,0.8836833834648132,0.743525505065918,0.764397919178009
64,0.28794097900390625,0.8933764100074768,0.5977239012718201,0.8167539238929749
65,0.2470112293958664,0.9176090359687805,0.6658536791801453,0.8062826991081238
66,0.28842130303382874,0.8869143724441528,0.6974480152130127,0.7748690843582153
67,0.22730576992034912,0.9176090359687805,0.7121976017951965,0.7905759215354919
68,0.24471545219421387,0.9143780469894409,0.6584014296531677,0.801047146320343
69,0.23456774652004242,0.9240710735321045,0.8641508221626282,0.7801046967506409
70,0.30176880955696106,0.8852988481521606,0.9345147013664246,0.7591623067855835
71,0.272408127784729,0.8933764100074768,0.7067059278488159,0.8167539238929749
72,0.2149021476507187,0.9208400845527649,0.7419013381004333,0.7801046967506409
73,0.20790958404541016,0.9289175868034363,0.6902610659599304,0.8272251486778259
74,0.2343803197145462,0.9192245602607727,0.8257059454917908,0.753926694393158
75,0.24722497165203094,0.901453971862793,0.7274436950683594,0.801047146320343
76,0.2135196179151535,0.9192245602607727,0.7493134140968323,0.8062826991081238
77,0.1719963699579239,0.9353796243667603,0.9069540500640869,0.7486910820007324
78,0.20399953424930573,0.9321486353874207,0.6942098736763,0.8376963138580322
79,0.20770539343357086,0.9273021221160889,0.6382289528846741,0.8429319262504578
80,0.1841660588979721,0.9466882348060608,0.6821014881134033,0.8219895362854004
81,0.2064182311296463,0.9305331110954285,0.549013078212738,0.8324607610702515
82,0.20070043206214905,0.9353796243667603,0.6548391580581665,0.8167539238929749
83,0.16653139889240265,0.9418416619300842,0.6946625113487244,0.8376963138580322
84,0.16408027708530426,0.9466882348060608,0.660618007183075,0.8272251486778259
85,0.11274248361587524,0.9612277746200562,0.7395920753479004,0.8272251486778259
86,0.12711946666240692,0.95315021276474,0.6966968178749084,0.8429319262504578
87,0.13268432021141052,0.95315021276474,0.9043291211128235,0.8167539238929749
88,0.17535646259784698,0.9289175868034363,0.7461225390434265,0.8167539238929749
89,0.19631698727607727,0.9321486353874207,0.6744493246078491,0.8376963138580322
90,0.23933832347393036,0.9127625226974487,0.7688319087028503,0.8376963138580322
91,0.188199982047081,0.9386106729507446,0.6125633716583252,0.8219895362854004
92,0.16368542611598969,0.9418416619300842,0.7125976085662842,0.8324607610702515
93,0.1904306858778,0.9353796243667603,0.6323647499084473,0.8167539238929749
94,0.1547221541404724,0.9499192237854004,0.6908149123191833,0.8167539238929749
95,0.15898121893405914,0.9386106729507446,0.7079213857650757,0.8272251486778259
96,0.15150681138038635,0.9386106729507446,0.8587414026260376,0.8062826991081238
97,0.14148442447185516,0.9450727105140686,1.1710894107818604,0.7591623067855835
98,0.16796478629112244,0.9499192237854004,0.7088487148284912,0.8062826991081238
99,0.14633402228355408,0.95315021276474,0.868983268737793,0.8429319262504578
100,0.13797466456890106,0.9547657370567322,0.7415414452552795,0.8167539238929749
101,0.1182229071855545,0.959612250328064,0.8250120282173157,0.801047146320343
102,0.11116332560777664,0.9676898121833801,0.8341510891914368,0.8324607610702515
103,0.10012644529342651,0.9676898121833801,0.7695680260658264,0.8481675386428833
104,0.11309285461902618,0.9612277746200562,0.7751197814941406,0.8481675386428833
105,0.12526218593120575,0.95315021276474,0.8070265054702759,0.8062826991081238
106,0.13983221352100372,0.9466882348060608,0.779420793056488,0.8115183115005493
107,0.17326420545578003,0.9450727105140686,0.754814088344574,0.8167539238929749
108,0.10720576345920563,0.9676898121833801,0.7717888355255127,0.8115183115005493
109,0.1001778170466423,0.9676898121833801,0.8580850958824158,0.8115183115005493
110,0.08791865408420563,0.9709208607673645,0.6576994061470032,0.8481675386428833
111,0.09442885220050812,0.9741518497467041,0.5866130590438843,0.8638743162155151
