,loss,accuracy,val_loss,val_accuracy
0,0.13991935551166534,0.9566500186920166,0.05815674364566803,0.98089998960495
1,0.04447552189230919,0.9861999750137329,0.045299503952264786,0.9865000247955322
2,0.031274694949388504,0.9898166656494141,0.03785223141312599,0.9868000149726868
3,0.02261662483215332,0.9926000237464905,0.045643165707588196,0.9871000051498413
4,0.021176232025027275,0.9933833479881287,0.04290308058261871,0.9883000254631042
5,0.018391188234090805,0.9939333200454712,0.05053285136818886,0.9868000149726868
6,0.01823088340461254,0.994350016117096,0.05241154134273529,0.9866999983787537
7,0.016519153490662575,0.9948166608810425,0.06269675493240356,0.9858999848365784
8,0.01606614701449871,0.995033323764801,0.08197405189275742,0.9846000075340271
9,0.01615089736878872,0.9951500296592712,0.06097957119345665,0.9868000149726868
10,0.009567230008542538,0.996999979019165,0.060607727617025375,0.9878000020980835
11,0.012825600802898407,0.9962000250816345,0.07364865392446518,0.9854000210762024
12,0.011551568284630775,0.9965500235557556,0.0639655590057373,0.9894999861717224
13,0.014270261861383915,0.9960500001907349,0.07808108627796173,0.987500011920929
14,0.012990904971957207,0.996483325958252,0.06693828850984573,0.9896000027656555
15,0.006741761229932308,0.9982500076293945,0.0723581612110138,0.9886999726295471
16,0.009590789675712585,0.9975666403770447,0.07824496924877167,0.989799976348877
17,0.013563052751123905,0.9969666600227356,0.07057172805070877,0.989799976348877
18,0.0105372229591012,0.9974833130836487,0.1283174604177475,0.9797999858856201
19,0.01540328562259674,0.9964166879653931,0.08110550791025162,0.987500011920929
