,loss,accuracy,val_loss,val_accuracy
0,0.18430061638355255,0.9419500231742859,0.07595621049404144,0.9772999882698059
1,0.08218751102685928,0.9743000268936157,0.05766379460692406,0.9800999760627747
2,0.06607494503259659,0.979449987411499,0.05972469598054886,0.9804999828338623
3,0.057606615126132965,0.98253333568573,0.0627557560801506,0.980400025844574
4,0.05731450021266937,0.982366681098938,0.05922837555408478,0.9818999767303467
5,0.05398520082235336,0.9832166433334351,0.05563639476895332,0.9847000241279602
6,0.050790365785360336,0.9840333461761475,0.05531100556254387,0.984499990940094
7,0.04826387017965317,0.9851666688919067,0.0763993188738823,0.9789000153541565
8,0.04545227065682411,0.9853666424751282,0.05908764526247978,0.9835000038146973
9,0.04740932956337929,0.9857166409492493,0.06279510259628296,0.9814000129699707
10,0.04538682848215103,0.9855833053588867,0.06032421812415123,0.9825000166893005
11,0.04309236258268356,0.9866999983787537,0.0690268948674202,0.9819999933242798
12,0.04244011640548706,0.9873666763305664,0.05948234349489212,0.9825999736785889
13,0.042103465646505356,0.9873166680335999,0.06499882787466049,0.9819999933242798
14,0.04279441386461258,0.987500011920929,0.07611517608165741,0.9817000031471252
15,0.04175129905343056,0.9879500269889832,0.05664633959531784,0.9837999939918518
16,0.039745260030031204,0.9879166483879089,0.0709175392985344,0.9821000099182129
17,0.03945448249578476,0.9882833361625671,0.060382306575775146,0.9837999939918518
18,0.042864833027124405,0.9879500269889832,0.08096493780612946,0.9789999723434448
19,0.041013672947883606,0.987583339214325,0.06123292073607445,0.9832000136375427
