,loss,accuracy,val_loss,val_accuracy
0,1.9561671018600464,0.16478191316127777,1.8256723880767822,0.24607330560684204
1,1.7070949077606201,0.3473344147205353,1.5056936740875244,0.3664921522140503
2,1.5015219449996948,0.4216478168964386,1.2880562543869019,0.47643980383872986
3,1.3025015592575073,0.4943457245826721,1.3358455896377563,0.5287958383560181
4,1.2105903625488281,0.5460420250892639,1.169276237487793,0.5654450058937073
5,1.119201421737671,0.5815832018852234,1.0807244777679443,0.5863874554634094
6,1.0746709108352661,0.6106623411178589,1.0594837665557861,0.5916230082511902
7,1.023677110671997,0.6332795023918152,1.0472638607025146,0.6596858501434326
8,1.0231555700302124,0.6122778654098511,1.0099786520004272,0.6492146849632263
9,0.9991199970245361,0.644588053226471,0.9569879770278931,0.6387434601783752
10,0.9965326189994812,0.6268174648284912,1.2696012258529663,0.5863874554634094
11,0.9422754049301147,0.6494345664978027,0.9835559129714966,0.6701570749282837
12,0.9010785818099976,0.6736671924591064,0.9302751421928406,0.6701570749282837
13,0.8553842306137085,0.6801292300224304,0.8231302499771118,0.7120419144630432
14,0.8371381759643555,0.7075929045677185,0.8957717418670654,0.7068063020706177
15,0.7484525442123413,0.7205169796943665,1.0186272859573364,0.6701570749282837
16,0.8243078589439392,0.6801292300224304,0.8257284760475159,0.7015706896781921
17,0.7214887738227844,0.7447496056556702,0.9763587713241577,0.6596858501434326
18,0.7346609830856323,0.723747968673706,0.8578383326530457,0.7434554696083069
19,0.7773504853248596,0.7140549421310425,0.9240995645523071,0.6596858501434326
20,0.7109631896018982,0.7447496056556702,0.8235565423965454,0.7120419144630432
21,0.6454826593399048,0.77705979347229,0.9326789975166321,0.6753926873207092
22,0.6594898700714111,0.7592892050743103,1.027182698249817,0.6544502377510071
23,0.6140899062156677,0.7786752581596375,0.7978156208992004,0.7382199168205261
24,0.6344307661056519,0.7722132205963135,0.7906851768493652,0.7434554696083069
25,0.5909947752952576,0.7754442691802979,0.8625633120536804,0.7225130796432495
26,0.5936205983161926,0.783521831035614,0.6522218585014343,0.7853403091430664
27,0.5545520186424255,0.7883683443069458,0.7199735045433044,0.7486910820007324
28,0.5878819823265076,0.7867528200149536,0.7097498178482056,0.7696335315704346
29,0.6244550943374634,0.7722132205963135,0.6136599183082581,0.801047146320343
30,0.5394628047943115,0.8045234084129333,0.9441933631896973,0.6806282997131348
31,0.5184227824211121,0.8012924194335938,0.9978485703468323,0.727748692035675
32,0.5447179675102234,0.7883683443069458,0.7603985071182251,0.7905759215354919
33,0.514724612236023,0.8222939968109131,0.6548389792442322,0.7434554696083069
34,0.4715559780597687,0.8174474835395813,0.8368812799453735,0.7696335315704346
35,0.4739350378513336,0.8271405696868896,0.6757006645202637,0.8062826991081238
36,0.4337889850139618,0.8319870829582214,0.9615091681480408,0.7015706896781921
37,0.5359008312225342,0.8029079437255859,1.0848803520202637,0.6701570749282837
38,0.4912926256656647,0.8239095211029053,0.7408505082130432,0.7591623067855835
39,0.43921297788619995,0.8497576713562012,0.792881190776825,0.7015706896781921
40,0.40685001015663147,0.8513731956481934,0.6487292647361755,0.801047146320343
41,0.4003494083881378,0.8529887199401855,0.8750192523002625,0.7486910820007324
42,0.3834589421749115,0.8529887199401855,0.681063175201416,0.7696335315704346
43,0.37951382994651794,0.8578352332115173,0.6554601192474365,0.801047146320343
44,0.3482103645801544,0.8788368105888367,0.8078946471214294,0.7434554696083069
45,0.3277696967124939,0.8852988481521606,0.6405789852142334,0.801047146320343
46,0.3250095546245575,0.8788368105888367,0.8406639695167542,0.7434554696083069
47,0.3931320905685425,0.8594506978988647,0.7099246382713318,0.7958115339279175
48,0.369135320186615,0.8675282597541809,0.6870011687278748,0.7801046967506409
49,0.37600594758987427,0.8626817464828491,0.942399799823761,0.6963350772857666
50,0.4266297221183777,0.8465266823768616,1.0040497779846191,0.6910994648933411
51,0.3590284585952759,0.8804523348808289,0.5802187919616699,0.8167539238929749
52,0.32461631298065186,0.8707593083381653,0.7344077825546265,0.7801046967506409
53,0.3658222258090973,0.8610662221908569,0.7220999002456665,0.7853403091430664
54,0.3002113401889801,0.8852988481521606,0.6100418567657471,0.8324607610702515
55,0.307096928358078,0.8836833834648132,0.640460729598999,0.8062826991081238
56,0.30039188265800476,0.8836833834648132,0.6207819581031799,0.801047146320343
57,0.2753356099128723,0.9079160094261169,0.7180025577545166,0.8062826991081238
58,0.19632726907730103,0.9321486353874207,0.7016538977622986,0.8115183115005493
59,0.31999000906944275,0.894991934299469,0.7176396250724792,0.764397919178009
60,0.26645708084106445,0.894991934299469,0.711759626865387,0.8115183115005493
61,0.2820204198360443,0.8869143724441528,0.6705641746520996,0.8167539238929749
62,0.2510574162006378,0.9224555492401123,0.7268134951591492,0.7958115339279175
63,0.24126726388931274,0.9095314741134644,0.9608457684516907,0.801047146320343
64,0.22024625539779663,0.9240710735321045,0.6536750793457031,0.8324607610702515
65,0.2407071441411972,0.9176090359687805,0.8388256430625916,0.7853403091430664
66,0.19940544664859772,0.9273021221160889,1.0638526678085327,0.7801046967506409
67,0.21923889219760895,0.9192245602607727,0.709064245223999,0.8324607610702515
68,0.26436087489128113,0.901453971862793,0.5903172492980957,0.8534031510353088
69,0.23194655776023865,0.9063004851341248,0.7656874656677246,0.7748690843582153
70,0.31746459007263184,0.8756058216094971,0.9411405920982361,0.7382199168205261
71,0.276581734418869,0.9030694961547852,0.5925558805465698,0.8272251486778259
72,0.2076871246099472,0.9192245602607727,0.7316495180130005,0.8062826991081238
73,0.2842726707458496,0.8998384475708008,0.8439318537712097,0.7853403091430664
74,0.2617993950843811,0.8998384475708008,0.6819638609886169,0.8062826991081238
75,0.21185001730918884,0.9208400845527649,0.4652306139469147,0.8586387634277344
76,0.18627604842185974,0.9353796243667603,0.6026943325996399,0.801047146320343
77,0.18268239498138428,0.9321486353874207,0.6939495801925659,0.8167539238929749
78,0.18017303943634033,0.9418416619300842,0.68272465467453,0.801047146320343
79,0.20362479984760284,0.9289175868034363,1.0302969217300415,0.7696335315704346
80,0.23614874482154846,0.9127625226974487,0.6810513734817505,0.801047146320343
81,0.2113272249698639,0.9240710735321045,0.9135438799858093,0.764397919178009
82,0.2500830888748169,0.9256865978240967,0.7826310396194458,0.7853403091430664
83,0.15613116323947906,0.9483036994934082,0.6576862931251526,0.8272251486778259
84,0.159089133143425,0.9450727105140686,0.6744513511657715,0.8219895362854004
85,0.18215012550354004,0.9337641596794128,0.7132753729820251,0.8115183115005493
86,0.24446260929107666,0.9159935116767883,0.9634348154067993,0.7696335315704346
87,0.2618725597858429,0.9046849608421326,0.8034594655036926,0.7958115339279175
88,0.1753203272819519,0.9418416619300842,0.7432928681373596,0.764397919178009
89,0.16137878596782684,0.9450727105140686,0.542060911655426,0.8691099286079407
